4096 2
14336 1
25088 3
35840 2
46080 1
56320 1
66560 2
76800 3
87040 3
97280 3
107520 1
117760 2
128000 1
138240 1
148480 1
158720 1
168960 1
179200 1
189440 2
199680 3
209920 3
220160 1
230400 2
240640 2
250880 1
261120 2
271360 1
282112 3
292864 3
303616 2
314368 2
325120 1
335360 1
345600 1
355840 3
366080 2
376320 3
386560 2
397312 3
407552 1
417792 2
428032 3
438272 1
449024 2
459264 3
469504 1
479744 2
489984 3
500736 3
510976 3
521216 1
531456 3
541696 1
551936 1
562688 2
572928 3
583168 1
593408 2
603648 2
613888 1
624640 3
634880 2
645120 3
655360 3
666112 3
676352 3
686592 1
696832 1
707072 1
717312 2
728064 2
738304 3
748544 1
758784 1
769024 1
779776 1
790016 3
800256 3
810496 3
820736 3
831488 2
841728 3
851968 1
862208 1
872448 1
882688 2
893440 1
903680 1
913920 1
924160 1
934400 3
944640 1
955392 2
965632 1
975872 2
986112 1
996864 3
1007104 1
1017344 1
1027584 3
1038336 2
1048576 2
1058816 1
1069056 3
1079296 3
1089536 2
1100288 1
1110528 3
1120768 1
1131008 3
1141248 3
1151488 2
1162240 3
1172480 2
1182720 3
1192960 1
1203712 2
1213952 2
1224192 1
1234432 2
1244672 3
1254912 1
1265152 2
1275904 2
1286144 1
1296384 2
1306624 3
1317376 2
1327616 1
1337856 2
1348096 2
1358336 2
1368576 1
1378816 3
1389568 1
1399808 2
1410048 1
1420288 2
1430528 3
1441280 1
1451520 2
1461760 2
1472000 2
1482240 2
1492992 1
1503232 1
1513472 3
1523712 3
1533952 2
1544192 2
1554944 1
1565184 3
1575424 1
1585664 2
1595904 1
1606144 1
1616896 1
1627136 2
1637376 1
1647616 1
1657856 2
1668096 2
1678848 3
1689600 2
1699840 2
1710080 1
1720320 1
1730560 3
1740800 3
1751040 1
1761280 2
1771520 2
1781760 2
1792000 2
1802752 3
1812992 3
1823232 2
1833472 1
1843712 2
1854464 3
1865216 3
1875456 1
1885696 2
1895936 1
1906176 2
1916416 1
1926656 3
1936896 3
1947648 2
1957888 1
1968128 1
1978368 1
1988608 1
1999360 2
2009600 1
2019840 2
2030592 3
2040832 1
2051072 2
2061312 2
2071552 3
2081792 2
2092032 3
2102784 3
2113024 3
2123264 3
2133504 1
2143744 2
2154496 2
2164736 3
2174976 3
2185216 3
2195968 1
2206208 3
2216448 1
2226688 3
2236928 2
2247168 2
2257408 1
2268160 3
2278400 1
2288640 3
2298880 2
2309120 1
2319872 2
2330112 1
2340352 2
2350592 2
2361344 1
2371584 3
2381824 1
2392064 1
2402304 1
2412544 1
2422784 1
2433536 3
2443776 1
2454016 3
2464256 2
2474496 2
2485248 1
2495488 2
2505728 1
2515968 3
2526208 2
2536960 2
2547200 1
2557440 2
2567680 2
2577920 1
2588160 1
2598912 2
2609152 1
2619392 2
2629632 3
2639872 3
2650624 2
2660864 3
2671104 2
2681344 2
2691584 1
2701824 1
2712576 3
2722816 1
2733056 3
2743296 1
2753536 3
2764288 2
2774528 2
2784768 2
2795008 3
2805248 2
2816000 2
2826240 2
2836480 1
2846720 3
2856960 1
2867200 1
2877952 3
2888192 3
2898432 2
2908672 1
2918912 1
2929152 1
2939904 1
2950144 3
2960384 2
2970624 2
2981376 1
2991616 1
3001856 2
3012096 1
3022336 1
3032576 3
3043328 3
3053568 2
3063808 3
3074048 2
3084288 2
3095040 2
3105280 3
3115520 1
3125760 3
3136000 1
3146752 1
3156992 1
3167232 1
3177472 3
3187712 2
3197952 3
3208704 1
3218944 3
3229184 3
3239424 2
3249664 2
3260416 1
3270656 1
3280896 1
3291136 3
3301888 3
3312128 1
3323904 2
3335680 1
3346944 2
3356672 3
3367424 3
3377152 2
3387904 2
3398144 1
3408896 2
3419136 2
3429376 2
3439616 2
3450368 2
3460096 3
3470848 3
3481088 3
3491840 2
3501568 1
3512320 3
3522560 1
3532800 2
3543040 1
3553280 1
3563008 1
3574272 3
3584000 3
3594752 1
3604992 1
3615744 1
3625472 2
3636224 1
3645952 2
3656192 2
3666432 2
3676672 2
3686912 3
3697152 3
3707392 3
3718144 1
3728384 2
3738624 2
3748864 2
3759104 2
3769344 3
3780096 3
3790336 2
3800576 1
3810816 1
3821056 2
3831296 1
3842048 2
3852288 2
3862528 1
3872768 2
3883008 2
3893760 2
3904000 2
3914240 2
3924480 3
3934720 2
3945472 3
3955712 1
3966464 2
3976704 1
3987456 1
3997184 1
4006400 1
4015616 2
4025344 3
4035584 1
4045824 1
4056064 2
4066304 3
4076544 1
4087296 3
4097536 3
4107776 1
4118016 1
4128256 2
4139008 1
4149248 1
4159488 3
4169728 2
4179968 2
4190208 3
4200960 3
4211200 1
4221440 2
4231680 2
4241920 2
4252160 2
4262912 2
4273152 2
4283392 2
4293632 2
4304384 1
4314624 3
4324864 3
4335104 1
4345344 2
4355584 2
4366336 3
4376576 1
4386816 2
4397056 3
4407296 1
4418048 1
4428288 2
4438528 2
4448768 2
4459008 2
4469760 1
4480000 1
4490240 2
4500480 1
4510720 1
4520960 2
4531712 1
4541952 2
4552192 2
4562432 3
4572672 3
4582912 2
4593664 3
4603904 2
4614144 2
4624384 3
4635136 2
4645376 1
4655616 3
4665856 1
4676608 2
4686848 3
4697088 1
4707328 2
4717568 1
4727808 2
4738048 2
4748800 1
4759040 1
4769280 2
4779520 3
4789760 3
4800512 3
4810752 2
4820992 1
4831232 1
4841984 3
4852224 2
4862464 1
4872704 2
4882944 2
4893184 1
4903424 2
4914176 1
4924416 1
4934656 2
4944896 2
4955136 1
4965888 1
4976128 3
4986368 3
4996608 2
5007360 1
5017600 1
5027840 1
5038080 2
5048320 2
5058560 2
5068800 1
5079552 3
5089792 1
5100032 1
5110272 3
5120512 3
5131264 2
5141504 2
5151744 1
5161984 3
5172736 1
5182976 2
5193216 2
5203456 2
5213696 1
5223936 3
5234176 2
5244928 3
5255168 2
5265408 2
5275648 2
5285888 1
5296640 3
5306880 3
5317120 2
5327360 3
5337600 1
5348352 1
5358592 3
5368832 2
5379072 2
5389312 3
5399552 2
5410304 2
5420544 1
5430784 3
5441024 1
5451264 1
5462016 1
5472256 2
5482496 2
5492736 3
5503488 2
5513728 2
5523968 2
5534208 1
5544448 1
5554688 1
5564928 3
5575680 3
5585920 1
5596160 1
5606400 2
5616640 1
5627392 1
5637632 1
5647872 2
5658112 3
5668352 3
5678592 2
5689344 1
5699584 1
5709824 1
5720064 1
5730304 2
5741056 2
5751296 3
5761536 3
5771776 3
5782016 2
5792768 3
5803008 3
5813248 2
5823488 1
5833728 3
5844480 2
5854720 1
5864960 1
5875200 3
5885440 2
5895680 2
5906432 3
5916672 1
5926912 1
5937152 1
5947392 3
5958144 2
5968384 3
5978624 3
5988864 1
5999104 1
6009344 1
6020096 1
6030336 2
6040576 1
6050816 2
6061056 2
6071808 2
6082048 2
6092288 1
6102528 1
6112768 1
6123520 2
6133760 2
6144000 2
6154240 1
6164480 1
6174720 2
6185472 2
6195712 1
6205952 1
6216192 2
6226432 2
6237184 3
6247424 2
6257664 2
6267904 2
6278144 3
6288896 1
6299136 3
6309376 2
6319616 2
6329856 2
6340096 3
6350848 2
6361088 3
6371328 3
6381568 3
6391808 3
6402048 3
6412800 2
6423040 3
6433280 3
6443520 3
6454272 2
6464512 2
6474752 2
6484992 1
6495232 1
6505472 2
6516224 3
6526464 2
6536704 2
6546944 3
6557184 3
6567936 1
6578176 3
6588416 3
6598656 2
6608896 3
6619648 2
6629888 1
6640128 3
6650368 3
6660608 2
6670848 1
6681088 3
6691840 2
6702080 2
6712320 2
6722560 3
6733312 3
6743552 1
6753792 2
6764032 2
6774272 3
6785024 2
6795264 1
6805504 2
6815744 1
6825984 1
6836224 1
6846976 1
6857216 3
6867456 1
6877696 3
6887936 1
6898176 1
6908416 3
6919168 3
6929408 1
6939648 1
6950400 1
6960640 3
6970880 1
6981120 3
6991360 1
7001600 3
7012352 1
7022592 3
7032832 2
7043072 3
7053312 1
7064064 3
7074304 3
7084544 1
7094784 1
7105024 1
7115264 2
7124992 2
7134208 3
7143424 3
7152640 1
7162368 2
7172608 2
7182848 3
7192576 3
7202816 2
7212544 3
7222784 2
7233536 3
7242752 1
7254016 3
7264768 1
7275008 1
7285760 3
7294976 3
7304192 3
7314944 2
7325184 2
7334912 2
7345664 2
7355904 3
7365632 1
7376896 3
7387136 1
7397376 3
7408128 2
7418880 2
7429120 3
7438848 3
7449088 3
7460352 3
7471104 2
7480320 3
7490048 3
7501312 3
7510528 1
7521280 3
7532032 1
7541760 3
7553024 3
7562752 2
7572480 3
7583232 1
7592960 2
7604736 3
7614976 3
7626240 1
7636480 3
7646720 3
7656448 1
7665152 2
7676416 1
7687680 3
7697408 2
7707648 1
7717888 3
7727616 2
7737856 2
7750144 3
7760384 3
7770624 2
7780352 2
7790592 3
7800832 3
7811072 1
7821312 1
7832064 1
7842304 3
7852544 2
7862784 2
7873024 3
7883264 3
7894016 1
7904256 2
7914496 2
7924736 2
