5632 1
18432 3
31232 1
46592 2
59392 2
71680 3
83456 1
96256 3
108032 1
120320 2
132608 2
144896 3
157184 2
169472 3
181760 2
194048 2
206336 2
218624 3
230400 1
242688 1
254976 3
267264 1
279552 2
291840 3
304128 2
316416 1
328192 1
340992 3
353280 1
365568 2
377344 1
390144 3
401920 3
414208 2
425984 1
438784 3
451072 1
463360 3
475648 2
487936 3
500224 2
512512 1
524288 1
536064 1
548864 1
561152 3
573440 3
585728 2
598016 3
610304 1
622592 3
634880 3
647168 3
659456 3
671744 1
684032 1
696320 3
708096 2
720384 3
732672 1
744960 3
755712 2
765952 1
777728 1
790016 2
802304 3
814592 2
826880 3
839168 3
850944 1
863744 2
876032 2
888320 3
900608 2
912896 2
924672 3
936960 3
949248 1
961536 3
973312 2
986112 3
998400 3
1010688 3
1022976 2
1035264 3
1047552 3
1059840 2
1071616 1
1083904 1
1096192 2
1108992 1
1120768 2
1133056 1
1145344 3
1157632 2
1169920 1
1181696 2
1193984 2
1205760 2
1218048 2
1231360 1
1243648 1
1259520 2
1271808 2
1284096 1
1296384 2
1308672 2
1320960 2
1333248 3
1345536 1
1357824 3
1370112 1
1381888 3
1394176 3
1406464 3
1418752 3
1431040 1
1443328 1
1455616 3
1467904 3
1480192 3
1492480 3
1504768 2
1517056 1
1529344 2
1541120 2
1553920 2
1565696 3
1577984 1
1590272 2
1602560 3
1614848 3
1627136 3
1639424 3
1651712 1
1664000 1
1676288 2
1688576 3
1700864 2
1713152 1
1724928 3
1737216 2
1749504 2
1761792 2
1774080 1
1786368 1
1798656 3
1810944 2
1823232 3
1835520 1
1847296 1
1859584 1
1871872 2
1884160 1
1896448 3
1908736 1
1921024 3
1933312 1
1945600 2
1957888 2
1970176 1
1981952 1
1994752 1
2007040 3
2019328 1
2031616 1
2043392 3
2055680 2
2067968 3
2080256 1
2092544 3
2104832 2
2117120 1
2129408 1
2141696 1
2153984 3
2165760 2
2178560 1
2190848 1
2203136 2
2215424 1
2227712 3
2239488 3
2251776 1
2264064 3
2276352 2
2288640 3
2300928 1
2313216 1
2325504 2
2337792 2
2349568 1
2361856 2
2374144 3
2386432 1
2398720 3
2411008 1
2423296 2
2435584 1
2447872 3
2460160 1
2472448 2
2484736 3
2497024 3
2508800 3
2520576 2
2533376 3
2546176 2
2558464 1
2570240 1
2582528 1
2594816 3
2607104 3
2619392 1
2631680 3
2643968 1
2656256 3
2668544 3
2680320 3
2693120 3
2704896 3
2717184 3
2729472 3
2741760 3
2754048 2
2766336 2
2778624 1
2790912 2
2803200 2
2815488 3
2827264 1
2839552 2
2851840 2
2864128 1
2876416 2
2889216 1
2900992 1
2913280 1
2925568 3
2937856 1
2950144 1
2961920 2
2974720 1
2987008 2
2998784 3
3011072 3
3023360 2
3035648 1
3047936 3
3060224 2
3072512 1
3084800 2
3097088 2
3109376 1
3121664 1
3133952 3
3146240 3
3158528 2
3170304 3
3181056 2
3191808 2
3203584 3
3215872 1
3227648 1
3239936 2
3252224 1
3264512 3
3276800 3
3289088 1
3301376 3
3313152 2
3325440 1
3338240 1
3350528 3
3362816 1
3374592 3
3387392 2
3399680 3
3411456 2
3423232 3
3436032 2
3448320 2
3461120 2
3472896 1
3485184 3
3497472 1
3509760 3
3521536 3
3533824 1
3546112 1
3558912 3
3571200 3
3582976 2
3595264 3
3607552 1
3619840 3
3632128 3
3644416 3
3656704 1
3668992 1
3681280 3
